1512051
1512111
1512121
1513071
1513081
1513091
1513111
1513151
1514065
1514075
1514115
1514365
1514375
1514405
1520021
1520081
1520161
1541681
1541701
1634421
1640041
1800131
1800141
1800151
1800161
1800811
1811231
1811331
1811411
1811491
1811551
1811561
1811591
1811601
1811641
1811651
1811691
1812315
1812375
1916842
1916862
1917222
1917942
1917962
1918342
1918362
1918822
1918842
1919262
1922031
1922051
1922071
1922231
1922251
1922271
1923051
1923071
1958575
1958725
1958745
2507521
2507531
2507541
2507581
2507621
2510001
2510011
2510031
2510051
2510151
2510171
2510181
2510191
2510201
2510221
2511011
2511031
2511061
2511191
2511435
2511455
2511465
2511485
2512041
2611681
2612561
2612611
2612621
2612631
2612641
2612651
2612661
2613521
2613631
2613641
2613681
2621061
2621102
2622011
2701021
2701025
2711011
2712031
2712035
2721081
2722012
2722131
2722171
2723051
2723081
2726111
2726121
2726171
2726191
2728291
2730161
2731961
2732201
2732221
2732701
2732721
2732841
2733951
2736421
2736721
2736941
2737021
2737141
2737151
2737531
2737541
2737611
2737621
2811081
2812061
2812165
2812185
2816251
2816321
2816401
2817101
2818201
2818251
2818501
2821011
2821021
2821051
2821341
2902031
2902071
2902081
2902091
2904011
3610101
3620351
3630601
3716232
3717231
3717241
3717351
3723101
3723121
3727351
3732101
3734082
3815051
3822182
3823051
3823101
3823201
3825142
3843501
3922161
40-0143
40-1154
4000652
4000702
4001071
4001111
4001811
4001931
4002121
4002161
4002171
4002501
4003011
4004011
4004021
4005562
4008571
4008651
4009821
4010602
4015532
4015542
4015972
4015992
4016552
4016612
4016912
4021191
4022075
4022185
4022231
4022275
4101041
4102411
4102421
4102522
4102671
4102751
4102771
4210251
4210701
4220801
4241351
4242625
4243132
4243142
4243211
4243221
4270321
4270361
4270541
4311101
4311151
4313011
4316081
4316101
4320012
4321051
4321061
4322031
4324131
4324261
4325121
4325131
4326061
4326161
4326231
4326311
4326351
4328411
4331112
4331122
4331261
4332451
4332751
4332901
4333111
4333121
4340121
4340151
4341161
4341201
4344012
4344032
4351181
4354012
4354091
4354221
4354231
4355032
4357161
4357201
4371022
4371471
4372052
4372441
4372491
4401522
4401642
4401815
4401845
4401855
4404181
4404191
5035855
5035865
5036614
5036624
5036634
5080144
5080204
5080214
5347523
5387561
5710821
5714211
6001112
6003055
6003501
6003511
6003571
6004015
6004105
6010051
6010085
6010201
6010321
6020635
6021341
6024271
6024301
6024321
6030212
6032031
6032161
6032171
6034091
6050031
6050091
6050355
6050651
6055202
6055691
6070272
6070322
6071151
6071301
6072222
6072272
6075192
6075462
6085212
6270651
6270691
6270721
6270841
6371221
6371241
6713321
6732611
6735711
6791021
6811041
6811111
6812041
6816121
6817081
6817721
6817811
6818361
6831031
6841011
6845031
6846011
7011345
7012021
7021111
7021161
7021411
7021421
7021815
7033011
7034491
711253z
772221
772223
772225
772531
772532
772535
772537
772557
773112
773114
773133
773134
773145
773163
773165
773190
773191
773198
773201
773208
773233
773238
773246
773248
773360
773371
773373
774042
774043
774053
774064
774077
774111
774113
774138
774212
774213
774232
774233
774242
774271
774312
774313
774333
774353
774412
774413
774433
774711
774741
775011
775011/24
775021
775024
775033
775033/24
775035
775035/50
775038
775042
775042/24
775044
775044/24
775052
775052/24
775054
775054/24
775061
775061/24
775074
775083
775083/24
775088
775092
775092/24
775093
775093/24
775097
775097/24
775132
775306
775306/24
775307
775309
775311
775311/24
775312
775313/50
775323
775325
775346
775346/24
776010
776016
776111
776113
777101
777102
777103
777104
777111
777112
777113
777114
777121
777122
777211
777400
777401
777402
777403
778122
778123
778212
778231
778232
778382
778387
778441
779102
779111
779113
779121
779122
779123
779126
779132
779133
779134
779161
779162
779163
779211
779221
779222
779223
779224
779226
779227
779228
779501
779502
779503
779515
779522
779528
779533
779534
779535
779538
779546
779555
779557
779558
779560
779561
779572
779574
779576
779596
779597
779598
779599
779601
779625
779654
779667
779729
779730
779731
779732
779734
779735
779736
779737
779738
779755
779756
779935
779936
779942
78-1401
79-1937
79-3014
79-4303
8021301
8021701
8211041
8211051
8211111
8211141
8222221
8222241
8223121
8223781
8301135
8301155
8301165
8301361
8301371
8301741
8301751
8301761
8302351
8302361
8302371
8303351
8303361
8303371
8303551
8303561
8311171
8311371
8311381
8311571
8311581
8311771
8311971
8311981
8312171
8312181
8313121
8313131
8313141
8313221
8313231
8314225
8314235
8314331
8314341
8320625
8320675
8320685
8321345
8321365
8322141
8322211
8322221
8322231
8322351
8322361
8327011
8327111
8327131
8327331
8327341
8327421
8327521
8327531
8327541
8340121
8340331
8340341
8340421
8340431
8340851
8340861
8401025
8401035
8401085
8401241
8401271
8401291
8401721
8402021
8402231
8402241
8402331
8402421
8402431
9013301
9014121
9015101
9015471
9016121
9022121
9023101
9025101
9025111
9026061
9026071
9026081
9026121
9028071
9028101
9029025
9033105
9035115
9035125
9038125
9040115
9040125
9042105
9110021
9110031
9110171
9110181
9114231
9114241
9114251
9114261
9114271
9114281
9114291
9114311
9114331
9151041
9151061
9151081
9151101
9151121
9151151
9176161
9176211
9176261
9176611
9176661
9176711
9176761
9410911
9410921
9411001
9411545
9411805
9412201
9413651
9413865
9414211
9414221
9414311
9417311
9417491
9417551
9418521
9420975
9431211
9431231
9441725
9441785
9442755
9442775
9443671
9443681
9445371
9449301
9449321
9449341
9449361
9449701
9450755
9450765
9451735
9452221
9452715
9462171
9462201
9462211
9462241
9541206
9541428
9541526
9541626
9541829
9541928
9542400
9542402
9542530
9542820
9542830
9542839
9543210
9543420
9543890
9544100
9544110
9544120
9544400
9544401
9544920
9545680
9545800
9545802
9545820
9545822
9549251
9549350
9549351
9549352
9549354
9549355
9605203
9605303
9614300
9617300
9620000
9620300
9620500
9623000
9623300
9626500
9632200
9680501
9680502
9680503
9680505
9680507
9680509
9680516
9680538
9680539
9680541
9680545
9680552
9681101
9681102
9681103
9681105
9681109
9681116
9681302
9681303
9681307
9681402
9681403
9681405
9681409
9681416
9687901
9687902
9687903
9687905
9687907
9687909
9687911
9687916
9690663
9691611
9691612
9691613
9691910
9691911
9691912
9691913
9692734
9712120
9712130
9718401
9719001
9719211
9719221
9719301
9719411
9722001
9722011
9722021
9722101
9722111
9722141
9722151
9722161
9722401
9722501
9722601
9730000
9730300
9731000
9731220
9732210
9732220
9732300
9732500
9733300
9733400
9734000
9734100
9734110
9734210
9734220
9734300
9736000
9736300
9736500
9737002
9737005
9737300
9737302
9737305
9738220
9738230
9740200
9740220
9744100
9744110
9744120
9744130
9749220
9750220
9751220
9755000
9755120
9755200
9755220
9777110
9777210
9777220
9777600
9780100
9780200
9780210
9780220
9783600
9783825
9783827
9783829
9783830
9783831
9783834
9783836
9784281
9784282
9784284
9784287
9784289
9784290
9784292
9784293
9784295
9784297
9784298
9786100
9786200
9786600
9790620
9790627
9790628
9790630
9790632
9790672
9792010
9792103
9792160
9792165
9792175
9792240
9792260
9792265
9792275
9792461
9792491
9793103
9793203
9793213
9793511
9793512
9793513
9793514
9793560
9793595
9794220
9794225
9794226
9794230
9794250
9794255
9795103
9795203
9796113
9796133
9797113
9797133
9797143
9798103
9798203
9804110
9804120
9804130
9804220
9807000
9807100
9807110
9807120
9807130
9807220
9810110
9818000
9818100
9818110
9820131
9820401
9840000
9840100
9840110
9840120
9840130
9840140
9840220
9841750
9841752
9841754
9842520
9842521
9842530
9842531
9842720
9842730
9842731
9842820
9842821
9842822
9842823
9843000
9843110
9843120
9843130
9843140
9843150
9843220
9843620
9843820
9844620
9846000
9846100
9846110
9846120
9846200
9846220
9846300
9870000
9870120
9870130
9870210
9885140
9885210
9885220
9892461
9893560
BE-1D122C
DC-1D146C
HZ-6B143W
LZ-5A211W
LZ-6A211W
VD-4B161C
XA-5115
